0 60 0 -60 0 -40 0:

position: 
  x: -0.76
  y: 0.013
  z: 0.30
orientation: 
  x: -0.00226614186199
  y: -0.644140269383
  z: -0.00900141474558
  w: 0.764851065563


  0 20 0 -120 0 -50 0:

  position: 
  x: -0.47
  y: 0.012
  z: 0.38
orientation: 
  x: -0.0
  y: -0.716246597409
  z: -0.0
  w: 0.697725601014
